7
0	15	23	26	33	16	40
15	0	24	13	20	9	28
23	24	0	26	42	16	29
26	13	26	0	18	12	16
33	20	42	18	0	26	30
16	9	16	12	26	0	23
40	28	29	16	30	23	0